x <- 3
y <- 7

x / y + 3
 x - y
x + 1
y - 5
