x <- 3
y <- 7

x / y + 3
